d3r5_6_5_5
o2_-6,-2C
-1, -1, -1,
1, -1, -1,
-1, 0, -1,
1, 0, -1,
1, 1, -1,
-1, -1, 0,
1, -1, 0,
1, 1, 0,
-1, -1, 1,
-1, 0, 1,
o2_-6,-2C2
-2, -1, -1,
0, -1, -1,
-1, 1, -1,
0, 1, -1,
1, 1, -1,
-2, -1, 0,
-1, -1, 0,
0, -1, 0,
-1, 1, 0,
1, 1, 0,
o2_-6,-2S
0, 0, -2,
0, 1, -2,
-2, 0, -1,
-1, 0, -1,
0, 1, -1,
-1, 0, 0,
0, 1, 0,
0, 2, 0,
-1, 0, 1,
0, 0, 1,
o2_-6,-clock
-1, -2, -1,
-1, -1, -1,
1, -1, -1,
-2, 0, -1,
0, 0, -1,
0, 1, -1,
-1, -2, 0,
1, -1, 0,
-2, 0, 0,
0, 1, 0,
clock2
-1, 0, -2,
0, 0, -2,
-1, -2, -1,
0, -2, -1,
0, -1, -1,
-1, 0, 0,
-1, 1, 0,
0, 1, 0,
-1, -1, 1,
0, -1, 1,
o2_-6,-dali_clock2
0, -1, -2,
0, -1, -1,
1, -1, -1,
-1, 0, -1,
0, 1, -1,
-1, -2, 0,
-1, -1, 0,
-2, 0, 0,
0, 0, 0,
-1, 0, 1,
dali_clock3
-1, 0, -2,
-1, -2, -1,
-1, -1, -1,
0, -1, -1,
-2, 0, -1,
1, -1, 0,
-1, 0, 0,
0, 0, 0,
0, 1, 0,
0, -1, 1,
o2_-6,-deformed_stairs
1, -1, -2,
1, 0, -2,
0, -1, -1,
0, 0, -1,
1, 0, -1,
-2, -1, 0,
-1, -1, 0,
-2, 0, 0,
-1, 0, 0,
-1, -1, 1,
o2_-6,-deformed_stairs2
0, -1, -2,
1, -1, -2,
0, 0, -2,
0, -1, -1,
0, 0, -1,
-1, -1, 0,
-1, 0, 0,
-1, -1, 1,
-2, 0, 1,
-1, 0, 1,
o2_-6,-folding_stairs
-1, -2, -2,
0, -2, -2,
-1, -2, -1,
-1, -1, -1,
0, -1, -1,
-1, 0, 0,
0, 0, 0,
0, 0, 1,
-1, 1, 1,
0, 1, 1,
o2_-6,-folding_stairs2
-1, -2, -2,
0, -2, -2,
-1, -2, -1,
-1, -1, -1,
0, -1, -1,
-1, 0, 0,
0, 0, 0,
-1, 0, 1,
-1, 1, 1,
0, 1, 1,
o2_-6,-folding_stairs3
1, 0, -2,
0, -1, -1,
1, -1, -1,
0, 0, -1,
1, 0, -1,
-1, -1, 0,
-1, 0, 0,
-2, -1, 1,
-1, -1, 1,
-1, 0, 1,
o2_-6,-folding_stairs4
1, -2, -1,
0, -1, -1,
-1, 0, -1,
-2, 1, -1,
-1, 1, -1,
0, -2, 0,
0, -1, 0,
1, -1, 0,
-2, 0, 0,
-1, 0, 0,
o2_-6,-folding_stairs5
0, -1, -1,
1, -1, -1,
-1, 0, -1,
-1, 1, -1,
0, -2, 0,
1, -2, 0,
0, -1, 0,
-2, 0, 0,
-1, 0, 0,
-2, 1, 0,
o2_-6,-folding_stairs6
-2, -1, -2,
-1, 0, -2,
-1, -1, -1,
-2, 0, -1,
-1, 0, -1,
0, -1, 0,
0, 0, 0,
1, 0, 0,
1, -1, 1,
0, 0, 1,
o2_-6,-folding_stairs7
0, 0, -2,
0, -1, -1,
1, -1, -1,
0, 0, -1,
1, 0, -1,
-1, -1, 0,
-2, 0, 0,
-1, 0, 0,
-2, -1, 1,
-2, 0, 1,
o2_-6,-pinwheel
-1, -1, -2,
-1, -1, -1,
0, -1, -1,
-1, 1, -1,
0, 1, -1,
-1, -1, 0,
0, -1, 0,
-1, 1, 0,
0, 1, 0,
0, 1, 1,
o2_-6,-pinwheel2
0, -1, -2,
0, -1, -1,
1, -1, -1,
-2, 0, -1,
-1, 0, -1,
0, -1, 0,
1, -1, 0,
-2, 0, 0,
-1, 0, 0,
-1, 0, 1,
o2_-6,-pole_driver
0, -1, -1,
1, -1, -1,
0, 0, -1,
-1, -1, 0,
1, -1, 0,
-1, 0, 0,
1, 0, 0,
-1, -1, 1,
0, -1, 1,
0, 0, 1,
o2_-6,-rubberband
0, -1, -1,
1, -1, -1,
-1, 0, -1,
0, 0, -1,
1, -1, 0,
-1, 0, 0,
0, -1, 1,
1, -1, 1,
-1, 0, 1,
0, 0, 1,
o2_5-C
-1, -1, -1,
0, -1, -1,
1, -1, -1,
-1, 0, -1,
1, 0, -1,
o2_6-mosquito
0, 0, -1,
-1, -1, 0,
-1, 0, 0,
0, 0, 0,
-1, 1, 0,
-1, 0, 1,
o2_6-prop
0, 0, -1,
-1, -1, 0,
0, -1, 0,
1, -1, 0,
0, 0, 0,
0, 0, 1,
o2_6-seesaw
0, -1, -1,
0, -1, 0,
1, -1, 0,
-1, 0, 0,
0, 0, 0,
0, 0, 1,
o2_7-S
0, -1, -1,
0, 0, -1,
0, -1, 0,
-1, 0, 0,
0, 0, 0,
-1, -1, 1,
-1, 0, 1,
o2_7-arrow
-1, -1, -1,
-1, 0, -1,
1, -1, 0,
0, 0, 0,
1, 0, 0,
0, -1, 1,
0, 0, 1,
o2_7-broken_seesaw
0, -1, -1,
-1, 0, -1,
0, 0, -1,
1, -1, 0,
0, 0, 0,
1, 0, 0,
0, 1, 0,
o2_7-column
0, -1, 0,
-1, 0, 0,
0, 0, 0,
1, 0, 0,
0, 1, 0,
0, 0, 1,
0, 0, 2,
o2_7-rower
-1, 0, -1,
0, 0, -1,
1, 0, -1,
-1, -1, 0,
0, -1, 0,
1, -1, 0,
0, 0, 0,
o2_7-runner
0, -1, -1,
-1, 0, -1,
-1, -1, 0,
0, -1, 0,
-1, 0, 0,
-1, -1, 1,
0, 0, 1,
o2_7-stinging_mosquito
0, 0, -1,
0, 1, -1,
1, 1, -1,
0, -1, 0,
-1, 0, 0,
0, 0, 0,
1, 0, 0,
o2_8-double_blinker
0, 0, -1,
0, 1, -1,
-1, -1, 0,
1, -1, 0,
-1, 0, 0,
1, 0, 0,
0, 0, 1,
0, 1, 1,
o3_7-H
-1, -2, 0,
0, -2, 0,
1, -2, 0,
0, -1, 0,
-1, 0, 0,
0, 0, 0,
1, 0, 0,
o4_-4,-1leg_walker
0, 1, -2,
-1, 2, -2,
0, 2, -2,
-1, 1, -1,
0, 1, -1,
-1, 2, -1,
0, -2, 0,
0, -1, 0,
1, -1, 0,
1, 0, 0,
1, -2, 1,
1, -1, 1,
o4_-4,-2enemies
-1, -2, -1,
0, -2, -1,
0, 2, -1,
1, 2, -1,
0, -2, 0,
-1, -1, 0,
0, -1, 0,
0, 1, 0,
1, 1, 0,
1, 2, 0,
-1, 0, 1,
1, 0, 1,
o4_-4,-W
-1, -2, -1,
1, -1, -1,
-2, 0, -1,
1, 0, -1,
0, 1, -1,
2, 1, -1,
-1, -2, 0,
-1, -1, 0,
1, -1, 0,
-2, 0, 0,
0, 1, 0,
2, 1, 0,
o4_-4,-W2
0, -1, -2,
0, 0, -2,
1, -1, -1,
0, 0, -1,
1, 0, -1,
-2, -1, 0,
-2, 0, 0,
-1, -1, 1,
0, -1, 1,
0, 0, 1,
-1, -1, 2,
-1, 0, 2,
o4_-4,-beacon
1, -2, -1,
2, -2, -1,
1, -1, -1,
2, -1, -1,
2, -2, 0,
0, -1, 0,
2, -1, 0,
-1, 0, 0,
-2, 1, 0,
-1, 1, 0,
-2, 0, 1,
-1, 0, 1,
o4_-4,-beacon2
2, -2, -1,
1, -1, -1,
2, -1, -1,
1, -2, 0,
2, -2, 0,
0, -1, 0,
2, -1, 0,
-1, 0, 0,
-2, 1, 0,
-1, 1, 0,
-2, 0, 1,
-1, 0, 1,
o4_-4,-friend_with_stabilizer
-2, 0, -2,
-1, 0, -2,
-2, 0, -1,
-1, 0, -1,
-1, 1, -1,
1, -1, 0,
1, 0, 0,
-1, 1, 0,
0, -1, 1,
1, -1, 1,
0, 0, 1,
1, 0, 1,
o4_13,-double_switch
-2, -3, -1,
-1, -2, -1,
-2, -1, -1,
-1, -1, -1,
-1, -3, 0,
-2, -2, 0,
-1, -2, 0,
-1, 0, 0,
0, 1, 0,
1, 1, 0,
0, 2, 0,
0, 1, 1,
1, 2, 1,
o4_2,-3friends
2, -1, -3,
1, 0, -3,
1, -1, -2,
0, 0, -2,
1, 0, -2,
2, 0, -2,
-2, 1, -1,
-3, 2, -1,
0, -2, 0,
-2, 0, 0,
-3, 1, 0,
-2, 1, 0,
-2, 2, 0,
0, -3, 1,
-1, -2, 1,
0, -2, 1,
-1, -3, 2,
0, -2, 2,
o4_27-stuff_with_3stabilizers
-2, 2, -3,
-1, 2, -3,
-2, 3, -3,
-1, 3, -3,
2, -3, -2,
3, -3, -2,
2, -2, -2,
3, -2, -2,
-2, 2, -2,
-2, 3, -2,
2, -3, -1,
3, -3, -1,
2, -1, -1,
0, 0, -1,
0, 1, -1,
-1, 2, -1,
0, -1, 0,
1, -1, 0,
-1, 0, 0,
-1, 0, 1,
-3, -2, 2,
-2, -2, 2,
-3, -1, 2,
-1, -1, 2,
-3, -2, 3,
-2, -2, 3,
-3, -1, 3,
o6_27-corner
1, 1, -3,
2, 2, -3,
2, 1, -2,
1, 2, -2,
2, 2, -2,
1, 1, -1,
2, 2, -1,
2, 1, 0,
1, -3, 1,
2, -2, 1,
1, -1, 1,
-3, 1, 1,
-1, 1, 1,
-2, 2, 1,
0, 2, 1,
2, 2, 1,
2, -3, 2,
1, -2, 2,
2, -2, 2,
2, -1, 2,
1, 0, 2,
-2, 1, 2,
2, 1, 2,
-3, 2, 2,
-2, 2, 2,
-1, 2, 2,
1, 2, 2,
